2    
12   

1    
  0.0149999999999997  -0.0259807621135333   0.0000000000000000
   0.0237018506   -0.0443837983    4.6170588819
  -0.0237018506    0.0443837983   -4.6170588819

1    
 -0.0149999999999997   0.0259807621135333   0.0000000000000000
  -0.0265865716    0.0427183038    4.6170588819
   0.0265865716   -0.0427183038   -4.6170588819

1    
  0.0149999999999997   0.0259807621135333   0.0000000000000000
   0.0265865717    0.0427183036    4.6170588822
  -0.0265865717   -0.0427183036   -4.6170588822

1    
 -0.0149999999999997  -0.0259807621135333   0.0000000000000000
  -0.0237018502   -0.0443837983    4.6170588821
   0.0237018502    0.0443837983   -4.6170588821

1    
  0.0000000000000000   0.0000000000000000   0.0300000000000000
   0.0000000000    0.0000000000    3.2278781929
   0.0000000000    0.0000000000   -3.2278781929

1    
  0.0000000000000000   0.0000000000000000  -0.0300000000000000
   0.0000000000    0.0000000000    5.8048931631
   0.0000000000    0.0000000000   -5.8048931631

2    
  0.0149999999999997  -0.0259807621135333   0.0000000000000000
  -0.0161713742    0.0279335705    4.6172988628
   0.0161713742   -0.0279335705   -4.6172988628

2    
 -0.0149999999999997   0.0259807621135333   0.0000000000000000
   0.0161054946   -0.0279716061    4.6172988630
  -0.0161054946    0.0279716061   -4.6172988629

2    
  0.0149999999999997   0.0259807621135333   0.0000000000000000
  -0.0161054946   -0.0279716062    4.6172988628
   0.0161054946    0.0279716062   -4.6172988628

2    
 -0.0149999999999997  -0.0259807621135333   0.0000000000000000
   0.0161713742    0.0279335705    4.6172988628
  -0.0161713742   -0.0279335705   -4.6172988627

2    
  0.0000000000000000   0.0000000000000000   0.0300000000000000
   0.0000000000    0.0000000000    5.8781504371
   0.0000000000    0.0000000000   -5.8781504371

2    
  0.0000000000000000   0.0000000000000000  -0.0300000000000000
   0.0000000000    0.0000000000    3.1693579055
   0.0000000000    0.0000000000   -3.1693579055
